system time	LC	op	qsize	received from
20:27:03.779000	1	17	0	0
20:27:03.946000	2	37	0	0
20:27:04.113000	3	37	0	0
20:27:04.281000	4	32	0	0
20:27:04.447000	5	33	0	0
20:27:04.613000	6	2	0	0
20:27:04.780000	7	14	0	0
20:27:04.948000	8	26	0	0
20:27:05.115000	9	9	0	0
20:27:05.282000	10	26	0	0
20:27:05.450000	11	7	0	0
20:27:05.617000	12	46	0	0
20:27:05.785000	13	0	0	1002
20:27:05.951000	14	10	0	0
20:27:06.119000	15	38	0	0
20:27:06.286000	16	15	0	0
20:27:06.454000	17	0	0	1002
20:27:06.621000	18	18	0	0
20:27:06.789000	19	0	0	1002
20:27:06.956000	20	22	0	0
20:27:07.123000	21	1	0	0
20:27:07.290000	22	38	0	0
20:27:07.457000	23	12	0	0
20:27:07.625000	24	6	0	0
20:27:07.792000	25	43	0	0
20:27:07.959000	26	18	0	0
20:27:08.125000	27	45	0	0
20:27:08.292000	28	35	0	0
20:27:08.459000	29	46	0	0
20:27:08.626000	30	30	0	0
20:27:08.793000	31	35	0	0
20:27:08.959000	32	6	0	0
20:27:09.126000	33	1	0	0
20:27:09.292000	34	40	0	0
20:27:09.458000	35	23	0	0
20:27:09.624000	36	41	0	0
20:27:09.792000	37	26	0	0
20:27:09.960000	38	30	0	0
20:27:10.126000	39	17	0	0
20:27:10.293000	40	7	0	0
20:27:10.461000	41	29	0	0
20:27:10.629000	42	43	0	0
20:27:10.796000	43	9	0	0
20:27:10.963000	44	45	0	0
20:27:11.130000	45	27	0	0
20:27:11.296000	46	47	0	0
20:27:11.464000	47	21	0	0
20:27:11.631000	48	38	0	0
20:27:11.798000	49	40	0	0
20:27:11.966000	50	45	0	0
20:27:12.133000	51	28	0	0
20:27:12.300000	52	34	0	0
20:27:12.468000	53	30	0	0
20:27:12.634000	54	34	0	0
20:27:12.801000	55	29	0	0
20:27:12.968000	56	10	0	0
20:27:13.135000	57	37	0	0
20:27:13.303000	58	18	0	0
20:27:13.470000	59	23	0	0
20:27:13.637000	60	37	0	0
20:27:13.803000	61	5	0	0
20:27:13.970000	62	2	0	0
20:27:14.137000	63	47	0	0
20:27:14.304000	64	42	0	0
20:27:14.471000	65	20	0	0
20:27:14.638000	66	46	0	0
20:27:14.805000	67	34	0	0
20:27:14.972000	68	34	0	0
20:27:15.139000	69	49	0	0
20:27:15.306000	70	35	0	0
20:27:15.474000	71	32	0	0
20:27:15.641000	72	15	0	0
20:27:15.808000	73	27	0	0
20:27:15.975000	74	23	0	0
20:27:16.143000	75	19	0	0
20:27:16.310000	76	25	0	0
20:27:16.477000	77	8	0	0
20:27:16.644000	78	4	0	0
20:27:16.811000	79	19	0	0
20:27:16.978000	80	9	0	0
20:27:17.145000	81	18	0	0
20:27:17.312000	82	32	0	0
20:27:17.479000	83	40	0	0
20:27:17.645000	84	48	0	0
20:27:17.812000	85	40	0	0
20:27:17.980000	86	50	0	0
20:27:18.147000	87	30	0	0
20:27:18.313000	88	25	0	0
20:27:18.480000	89	34	0	0
20:27:18.647000	90	7	0	0
20:27:18.813000	91	42	0	0
20:27:18.980000	92	29	0	0
20:27:19.146000	93	4	0	0
20:27:19.312000	94	17	0	0
20:27:19.479000	95	27	0	0
20:27:19.645000	96	13	0	0
20:27:19.812000	97	26	0	0
20:27:19.979000	98	24	0	0
20:27:20.146000	99	39	0	0
20:27:20.313000	100	16	0	0
20:27:20.480000	101	36	0	0
20:27:20.646000	102	33	0	0
20:27:20.813000	103	20	0	0
20:27:20.979000	104	7	0	0
20:27:21.147000	105	38	0	0
20:27:21.313000	106	42	0	0
20:27:21.480000	107	27	0	0
20:27:21.646000	108	7	0	0
20:27:21.813000	109	9	0	0
20:27:21.980000	110	23	0	0
20:27:22.148000	111	9	0	0
20:27:22.315000	112	34	0	0
20:27:22.481000	113	42	0	0
20:27:22.648000	114	6	0	0
20:27:22.815000	115	15	0	0
20:27:22.982000	116	45	0	0
20:27:23.149000	117	46	0	0
20:27:23.316000	118	34	0	0
20:27:23.483000	119	42	0	0
20:27:23.650000	120	48	0	0
20:27:23.817000	121	8	0	0
20:27:23.985000	122	7	0	0
20:27:24.153000	123	8	0	0
20:27:24.319000	124	32	0	0
20:27:24.486000	125	48	0	0
20:27:24.653000	126	12	0	0
20:27:24.820000	127	34	0	0
20:27:24.987000	128	17	0	0
20:27:25.154000	129	32	0	0
20:27:25.320000	130	0	0	1001
20:27:25.487000	131	39	0	0
20:27:25.654000	132	40	0	0
20:27:25.821000	133	9	0	0
20:27:25.987000	134	18	0	0
20:27:26.154000	135	42	0	0
20:27:26.320000	136	35	0	0
20:27:26.488000	137	3	0	0
20:27:26.655000	138	24	0	0
20:27:26.821000	139	27	0	0
20:27:26.989000	140	7	0	0
20:27:27.156000	141	8	0	0
20:27:27.324000	142	41	0	0
20:27:27.491000	143	45	0	0
20:27:27.658000	144	46	0	0
20:27:27.825000	145	43	0	0
20:27:27.992000	146	6	0	0
20:27:28.159000	147	16	0	0
20:27:28.325000	148	36	0	0
20:27:28.493000	149	32	0	0
20:27:28.661000	150	28	0	0
20:27:28.828000	151	5	0	0
20:27:28.995000	152	8	0	0
20:27:29.163000	153	3	0	0
20:27:29.329000	154	45	0	0
20:27:29.497000	155	3	0	0
20:27:29.664000	156	38	0	0
20:27:29.831000	157	15	0	0
20:27:29.998000	158	8	0	0
20:27:30.165000	159	48	0	0
20:27:30.332000	160	2	0	0
20:27:30.498000	161	22	0	0
20:27:30.666000	162	49	0	0
20:27:30.833000	163	28	0	0
20:27:30.999000	164	18	0	0
20:27:31.165000	165	7	0	0
20:27:31.331000	166	4	0	0
20:27:31.499000	167	49	0	0
20:27:31.665000	168	45	0	0
20:27:31.831000	169	30	0	0
20:27:31.997000	170	8	0	0
20:27:32.164000	171	14	0	0
20:27:32.331000	172	19	0	0
20:27:32.498000	173	15	0	0
20:27:32.665000	174	24	0	0
20:27:32.832000	175	7	0	0
20:27:32.998000	176	46	0	0
20:27:33.165000	177	34	0	0
20:27:33.332000	178	15	0	0
20:27:33.499000	179	27	0	0
20:27:33.666000	180	48	0	0
20:27:33.832000	181	30	0	0
20:27:33.999000	182	25	0	0
20:27:34.166000	183	46	0	0
20:27:34.334000	184	31	0	0
20:27:34.501000	185	11	0	0
20:27:34.667000	186	35	0	0
20:27:34.834000	187	32	0	0
20:27:35.001000	188	12	0	0
20:27:35.168000	189	7	0	0
20:27:35.335000	190	45	0	0
20:27:35.501000	191	29	0	0
20:27:35.669000	192	35	0	0
20:27:35.835000	193	8	0	0
20:27:36.003000	194	19	0	0
20:27:36.170000	195	11	0	0
20:27:36.337000	196	46	0	0
20:27:36.504000	197	48	0	0
20:27:36.672000	198	16	0	0
20:27:36.839000	199	31	0	0
20:27:37.006000	200	0	0	1002
20:27:37.173000	201	34	0	0
20:27:37.340000	202	21	0	0
20:27:37.507000	203	25	0	0
20:27:37.675000	204	50	0	0
20:27:37.841000	205	15	0	0
20:27:38.008000	206	7	0	0
20:27:38.175000	207	12	0	0
20:27:38.341000	208	47	0	0
20:27:38.508000	209	2	0	0
20:27:38.674000	210	16	0	0
20:27:38.842000	211	23	0	0
20:27:39.009000	212	7	0	0
20:27:39.176000	213	26	0	0
20:27:39.343000	214	4	0	0
20:27:39.510000	215	33	0	0
20:27:39.676000	216	41	0	0
20:27:39.844000	217	14	0	0
20:27:40.011000	218	44	0	0
20:27:40.178000	219	25	0	0
20:27:40.345000	220	43	0	0
20:27:40.512000	221	25	0	0
20:27:40.679000	222	24	0	0
20:27:40.845000	223	10	0	0
20:27:41.011000	224	6	0	0
20:27:41.178000	225	5	0	0
20:27:41.345000	226	43	0	0
20:27:41.512000	227	42	0	0
20:27:41.679000	228	25	0	0
20:27:41.846000	229	18	0	0
20:27:42.013000	230	7	0	0
20:27:42.180000	231	42	0	0
20:27:42.348000	232	25	0	0
20:27:42.515000	233	3	0	0
20:27:42.682000	234	24	0	0
20:27:42.849000	235	49	0	0
20:27:43.015000	236	28	0	0
20:27:43.183000	237	41	0	0
20:27:43.350000	238	2	0	0
20:27:43.517000	239	37	0	0
20:27:43.685000	240	6	0	0
20:27:43.851000	241	30	0	0
20:27:44.018000	242	15	0	0
20:27:44.185000	243	48	0	0
20:27:44.352000	244	27	0	0
20:27:44.519000	245	13	0	0
20:27:44.685000	246	7	0	0
20:27:44.852000	247	32	0	0
20:27:45.019000	248	0	0	1002
20:27:45.186000	249	35	0	0
20:27:45.352000	250	32	0	0
20:27:45.519000	251	20	0	0
20:27:45.686000	252	0	0	1002
20:27:45.853000	253	23	0	0
20:27:46.020000	254	0	0	1001
20:27:46.187000	255	8	0	0
20:27:46.354000	256	27	0	0
20:27:46.521000	257	18	0	0
20:27:46.688000	258	13	0	0
20:27:46.854000	259	18	0	0
20:27:47.022000	260	15	0	0
20:27:47.188000	261	19	0	0
20:27:47.356000	262	31	0	0
20:27:47.523000	263	23	0	0
20:27:47.690000	264	38	0	0
20:27:47.856000	265	49	0	0
20:27:48.022000	266	17	0	0
20:27:48.188000	267	33	0	0
20:27:48.355000	268	37	0	0
20:27:48.522000	269	20	0	0
20:27:48.689000	270	39	0	0
20:27:48.856000	271	49	0	0
20:27:49.023000	272	7	0	0
20:27:49.190000	273	32	0	0
20:27:49.357000	274	6	0	0
20:27:49.524000	275	28	0	0
20:27:49.692000	276	14	0	0
20:27:49.859000	277	27	0	0
20:27:50.026000	278	50	0	0
20:27:50.194000	279	42	0	0
20:27:50.361000	280	36	0	0
20:27:50.528000	281	29	0	0
20:27:50.695000	282	25	0	0
20:27:50.863000	283	20	0	0
20:27:51.030000	284	24	0	0
20:27:51.198000	285	29	0	0
20:27:51.365000	286	43	0	0
20:27:51.532000	287	18	0	0
20:27:51.698000	288	33	0	0
20:27:51.866000	289	33	0	0
20:27:52.032000	290	37	0	0
20:27:52.199000	291	40	0	0
20:27:52.367000	292	17	0	0
20:27:52.534000	293	11	0	0
20:27:52.701000	294	4	0	0
20:27:52.868000	295	34	0	0
20:27:53.035000	296	32	0	0
20:27:53.202000	297	18	0	0
20:27:53.370000	298	23	0	0
20:27:53.537000	299	17	0	0
20:27:53.704000	300	25	0	0
20:27:53.871000	301	4	0	0
20:27:54.038000	302	1	0	0
20:27:54.205000	303	13	0	0
20:27:54.372000	304	44	0	0
20:27:54.539000	305	19	0	0
20:27:54.707000	306	0	0	1002
20:27:54.875000	307	41	0	0
20:27:55.042000	308	30	0	0
20:27:55.209000	309	47	0	0
20:27:55.375000	310	7	0	0
20:27:55.542000	311	29	0	0
20:27:55.709000	312	18	0	0
20:27:55.877000	313	24	0	0
20:27:56.044000	314	26	0	0
20:27:56.211000	315	25	0	0
20:27:56.378000	316	45	0	0
20:27:56.546000	317	2	0	0
20:27:56.713000	318	7	0	0
20:27:56.880000	319	23	0	0
20:27:57.047000	320	38	0	0
20:27:57.214000	321	38	0	0
20:27:57.381000	322	40	0	0
20:27:57.549000	323	39	0	0
20:27:57.715000	324	20	0	0
20:27:57.883000	325	1	0	0
20:27:58.050000	326	19	0	0
20:27:58.217000	327	21	0	0
20:27:58.385000	328	5	0	0
20:27:58.552000	329	0	0	1001
20:27:58.719000	330	20	0	0
20:27:58.886000	331	29	0	0
20:27:59.052000	332	49	0	0
20:27:59.219000	333	36	0	0
20:27:59.386000	334	25	0	0
20:27:59.554000	335	10	0	0
20:27:59.721000	336	19	0	0
20:27:59.888000	337	37	0	0
20:28:00.055000	338	12	0	0
20:28:00.222000	339	46	0	0
20:28:00.389000	340	17	0	0
20:28:00.557000	341	47	0	0
20:28:00.724000	342	35	0	0
20:28:00.890000	343	9	0	0
20:28:01.058000	344	48	0	0
20:28:01.225000	345	3	0	0
20:28:01.392000	346	19	0	0
20:28:01.558000	347	26	0	0
20:28:01.725000	348	17	0	0
20:28:01.892000	349	1	0	0
20:28:02.060000	350	0	0	1001
20:28:02.227000	351	22	0	0
20:28:02.393000	352	15	0	0
20:28:02.560000	353	0	0	1002
20:28:02.728000	354	44	0	0
20:28:02.895000	355	45	0	0
20:28:03.062000	356	7	0	0
20:28:03.228000	357	5	0	0
20:28:03.395000	358	27	0	0
20:28:03.562000	359	0	0	1002
20:28:03.729000	360	45	0	0
