system time	LC	op	qsize	received from
20:22:51.043000	1	6	0	0
20:22:51.244000	2	0	1	1000
20:22:51.446000	3	0	0	1000
20:22:51.647000	4	3	0	0
20:22:51.848000	5	10	0	0
20:22:52.049000	6	5	0	0
20:22:52.250000	7	6	0	0
20:22:52.450000	8	0	0	1002
20:22:52.651000	9	4	0	0
20:22:52.852000	10	3	0	0
20:22:53.053000	11	3	0	0
20:22:53.255000	12	7	0	0
20:22:53.456000	13	6	0	0
20:22:53.657000	14	5	0	0
20:22:53.858000	15	3	0	0
20:22:54.060000	16	0	0	1002
20:22:54.262000	17	3	0	0
20:22:54.463000	18	4	0	0
20:22:54.663000	19	2	0	0
20:22:54.864000	20	0	0	1000
20:22:55.066000	21	6	0	0
20:22:55.268000	22	4	0	0
20:22:55.469000	23	0	1	1000
20:22:55.670000	24	0	1	1002
20:22:55.871000	25	0	0	1002
20:22:56.071000	26	4	0	0
20:22:56.272000	27	4	0	0
20:22:56.473000	28	10	0	0
20:22:56.675000	29	0	0	1002
20:22:56.877000	30	8	0	0
20:22:57.077000	31	4	0	0
20:22:57.279000	32	3	0	0
20:22:57.480000	33	0	0	1002
20:22:57.682000	34	4	0	0
20:22:57.882000	35	0	0	1000
20:22:58.084000	36	10	0	0
20:22:58.285000	37	4	0	0
20:22:58.485000	38	0	0	1002
20:22:58.686000	39	3	0	0
20:22:58.888000	40	6	0	0
20:22:59.089000	41	2	0	0
20:22:59.289000	42	1	1	0
20:22:59.490000	43	0	0	1000
20:22:59.691000	44	8	0	0
20:22:59.892000	45	7	0	0
20:23:00.093000	46	8	0	0
20:23:00.294000	47	1	1	0
20:23:00.496000	48	0	0	1000
20:23:00.697000	49	7	0	0
20:23:00.899000	50	9	0	0
20:23:01.100000	51	0	0	1002
20:23:01.301000	52	9	0	0
20:23:01.502000	53	3	0	0
20:23:01.703000	54	8	0	0
20:23:01.904000	55	10	0	0
20:23:02.105000	56	0	0	1000
20:23:02.307000	57	7	0	0
20:23:02.509000	58	0	0	1000
20:23:02.710000	59	0	0	1002
20:23:02.910000	60	7	0	0
20:23:03.111000	61	8	0	0
20:23:03.311000	62	0	1	1002
20:23:03.512000	63	0	0	1000
20:23:03.712000	64	0	0	1002
20:23:03.913000	65	7	0	0
20:23:04.114000	66	1	0	0
20:23:04.315000	67	2	0	0
20:23:04.516000	68	10	0	0
20:23:04.717000	69	2	1	0
20:23:04.918000	70	0	0	1000
20:23:05.120000	71	9	0	0
20:23:05.321000	72	4	0	0
20:23:05.522000	73	7	0	0
20:23:05.724000	74	1	0	0
20:23:05.924000	75	2	0	0
20:23:06.125000	76	9	0	0
20:23:06.327000	77	5	0	0
20:23:06.528000	78	7	0	0
20:23:06.729000	79	7	0	0
20:23:06.930000	80	8	0	0
20:23:07.131000	81	10	0	0
20:23:07.333000	82	0	0	1000
20:23:07.533000	83	4	0	0
20:23:07.734000	84	0	0	1000
20:23:07.935000	85	0	0	1000
20:23:08.136000	86	4	1	0
20:23:08.337000	87	0	0	1000
20:23:08.538000	88	0	0	1002
20:23:08.739000	89	10	0	0
20:23:08.940000	90	0	1	1000
20:23:09.141000	91	0	0	1002
20:23:09.342000	92	0	1	1000
20:23:09.543000	93	0	1	1002
20:23:09.744000	94	0	0	1000
20:23:09.944000	95	2	0	0
20:23:10.145000	96	7	0	0
20:23:10.346000	97	7	0	0
20:23:10.547000	98	6	0	0
20:23:10.748000	99	4	0	0
20:23:10.948000	100	7	0	0
20:23:11.150000	101	8	0	0
20:23:11.351000	102	0	0	1000
20:23:11.553000	103	6	0	0
20:23:11.754000	104	0	0	1002
20:23:11.956000	105	0	0	1002
20:23:12.157000	106	4	0	0
20:23:12.358000	107	2	0	0
20:23:12.559000	108	0	0	1000
20:23:12.759000	109	8	0	0
20:23:12.960000	110	0	0	1000
20:23:13.160000	111	10	0	0
20:23:13.361000	112	10	0	0
20:23:13.562000	113	0	0	1000
20:23:13.762000	114	6	0	0
20:23:13.962000	115	5	0	0
20:23:14.163000	116	7	0	0
20:23:14.363000	117	7	0	0
20:23:14.564000	118	0	0	1002
20:23:14.765000	119	10	0	0
20:23:14.965000	120	0	0	1000
20:23:15.167000	121	3	0	0
20:23:15.368000	122	3	0	0
20:23:15.568000	123	9	0	0
20:23:15.768000	124	0	0	1000
20:23:15.968000	125	6	0	0
20:23:16.169000	126	0	0	1002
20:23:16.369000	127	10	0	0
20:23:16.570000	128	7	0	0
20:23:16.771000	129	8	0	0
20:23:16.972000	130	0	0	1000
20:23:17.173000	131	1	0	0
20:23:17.374000	132	9	0	0
20:23:17.574000	133	10	0	0
20:23:17.774000	134	0	0	1002
20:23:17.975000	135	3	0	0
20:23:18.176000	136	3	0	0
20:23:18.377000	137	4	0	0
20:23:18.578000	138	0	0	1002
20:23:18.779000	139	6	0	0
20:23:18.979000	140	3	0	0
20:23:19.179000	141	9	0	0
20:23:19.380000	142	7	0	0
20:23:19.581000	143	0	0	1000
20:23:19.782000	144	6	0	0
20:23:19.983000	145	0	0	1000
20:23:20.185000	146	2	0	0
20:23:20.385000	147	0	0	1000
20:23:20.586000	148	5	0	0
20:23:20.786000	149	0	0	1000
20:23:20.987000	150	0	0	1000
20:23:21.188000	151	10	0	0
20:23:21.389000	152	0	0	1000
20:23:21.590000	153	10	0	0
20:23:21.791000	154	5	0	0
20:23:21.993000	155	8	0	0
20:23:22.194000	156	0	0	1002
20:23:22.395000	157	0	0	1000
20:23:22.596000	158	3	0	0
20:23:22.797000	159	10	0	0
20:23:22.998000	160	0	0	1002
20:23:23.199000	161	0	0	1002
20:23:23.400000	162	0	0	1002
20:23:23.601000	163	7	0	0
20:23:23.803000	164	9	0	0
20:23:24.004000	165	0	0	1000
20:23:24.206000	166	4	0	0
20:23:24.406000	167	7	0	0
20:23:24.608000	168	2	0	0
20:23:24.809000	169	2	0	0
20:23:25.009000	170	7	0	0
20:23:25.209000	171	7	0	0
20:23:25.410000	172	4	0	0
20:23:25.611000	173	0	0	1002
20:23:25.812000	174	4	0	0
20:23:26.013000	175	0	0	1002
20:23:26.214000	176	4	0	0
20:23:26.415000	177	7	0	0
20:23:26.617000	178	0	0	1000
20:23:26.818000	179	8	0	0
20:23:27.019000	180	5	0	0
20:23:27.220000	181	0	0	1000
20:23:27.420000	182	0	0	1000
20:23:27.621000	183	3	0	0
20:23:27.822000	184	7	0	0
20:23:28.024000	185	0	0	1002
20:23:28.225000	186	8	0	0
20:23:28.425000	187	6	0	0
20:23:28.626000	188	2	0	0
20:23:28.827000	189	4	0	0
20:23:29.028000	190	2	0	0
20:23:29.228000	191	10	0	0
20:23:29.428000	192	6	0	0
20:23:29.629000	193	0	0	1002
20:23:29.830000	194	6	0	0
20:23:30.031000	195	4	0	0
20:23:30.232000	196	0	0	1002
20:23:30.432000	197	0	0	1002
20:23:30.633000	198	9	0	0
20:23:30.835000	199	5	0	0
20:23:31.035000	200	6	0	0
20:23:31.237000	201	4	0	0
20:23:31.439000	202	6	0	0
20:23:31.640000	203	7	0	0
20:23:31.841000	204	0	0	1002
20:23:32.042000	205	7	0	0
20:23:32.244000	206	0	1	1002
20:23:32.445000	207	0	1	1000
20:23:32.647000	208	0	0	1002
20:23:32.848000	209	8	0	0
20:23:33.049000	210	0	0	1000
20:23:33.249000	211	0	0	1000
20:23:33.450000	212	10	0	0
20:23:33.652000	213	0	0	1002
20:23:33.853000	214	2	0	0
20:23:34.053000	215	8	0	0
20:23:34.255000	216	2	0	0
20:23:34.456000	217	10	0	0
20:23:34.657000	218	0	0	1002
20:23:34.857000	219	2	0	0
20:23:35.058000	220	0	0	1000
20:23:35.260000	221	4	0	0
20:23:35.460000	222	1	0	0
20:23:35.660000	223	1	0	0
20:23:35.861000	224	6	0	0
20:23:36.062000	225	0	0	1000
20:23:36.263000	226	3	0	0
20:23:36.464000	227	9	0	0
20:23:36.665000	228	6	0	0
20:23:36.866000	229	2	0	0
20:23:37.067000	230	10	0	0
20:23:37.269000	231	9	0	0
20:23:37.470000	232	0	0	1000
20:23:37.670000	233	9	0	0
20:23:37.871000	234	6	0	0
20:23:38.071000	235	1	0	0
20:23:38.273000	236	8	0	0
20:23:38.473000	237	0	1	1000
20:23:38.673000	238	0	0	1002
20:23:38.874000	239	9	0	0
20:23:39.076000	240	3	0	0
20:23:39.277000	241	7	0	0
20:23:39.478000	242	8	0	0
20:23:39.679000	243	9	0	0
20:23:39.880000	244	5	0	0
20:23:40.082000	245	1	0	0
20:23:40.283000	246	4	0	0
20:23:40.483000	247	0	1	1000
20:23:40.685000	248	0	0	1002
20:23:40.886000	249	2	0	0
20:23:41.086000	250	0	0	1000
20:23:41.287000	251	4	0	0
20:23:41.488000	252	0	0	1002
20:23:41.690000	253	10	0	0
20:23:41.891000	254	0	0	1000
20:23:42.092000	255	2	0	0
20:23:42.293000	256	10	0	0
20:23:42.494000	257	9	0	0
20:23:42.696000	258	0	0	1000
20:23:42.898000	259	0	0	1000
20:23:43.100000	260	9	0	0
20:23:43.302000	261	2	0	0
20:23:43.503000	262	3	0	0
20:23:43.705000	263	7	0	0
20:23:43.905000	264	3	0	0
20:23:44.106000	265	10	0	0
20:23:44.308000	266	3	0	0
20:23:44.509000	267	1	0	0
20:23:44.710000	268	10	0	0
20:23:44.911000	269	0	0	1000
20:23:45.112000	270	2	0	0
20:23:45.314000	271	10	0	0
20:23:45.515000	272	7	0	0
20:23:45.716000	273	0	0	1002
20:23:45.916000	274	0	0	1002
20:23:46.117000	275	5	0	0
20:23:46.319000	276	1	0	0
20:23:46.521000	277	6	0	0
20:23:46.721000	278	0	0	1002
20:23:46.922000	279	8	0	0
20:23:47.123000	280	1	0	0
20:23:47.324000	281	8	0	0
20:23:47.526000	282	6	0	0
20:23:47.726000	283	5	0	0
20:23:47.927000	284	0	0	1000
20:23:48.127000	285	5	0	0
20:23:48.329000	286	4	0	0
20:23:48.530000	287	1	0	0
20:23:48.732000	288	10	0	0
20:23:48.934000	289	6	0	0
20:23:49.136000	290	0	0	1002
20:23:49.337000	291	0	0	1002
20:23:49.538000	292	7	0	0
20:23:49.739000	293	2	0	0
20:23:49.940000	294	6	0	0
20:23:50.142000	295	6	0	0
20:23:50.343000	296	0	0	1002
20:23:50.545000	297	0	0	1002
20:23:50.745000	298	6	0	0
20:23:50.945000	299	9	0	0
