system time	LC	op	qsize	received from
19:08:16.675000	1	6	0	0
19:08:16.926000	2	0	0	1000
19:08:17.177000	3	0	1	1001
19:08:17.428000	4	0	0	1000
19:08:17.680000	5	9	1	0
19:08:17.931000	6	0	0	1000
19:08:18.181000	7	4	0	0
19:08:18.432000	8	0	0	1000
19:08:18.684000	9	2	0	0
19:08:18.935000	10	4	0	0
19:08:19.186000	11	6	0	0
19:08:19.437000	12	2	0	0
19:08:19.688000	13	0	0	1000
19:08:19.940000	14	1	0	0
19:08:20.191000	15	7	0	0
19:08:20.443000	16	6	0	0
19:08:20.694000	17	0	0	1000
19:08:20.946000	18	0	0	1001
19:08:21.197000	19	1	0	0
19:08:21.448000	20	0	0	1001
19:08:21.699000	21	10	0	0
19:08:21.950000	22	0	0	1001
19:08:22.201000	23	5	0	0
19:08:22.452000	24	10	0	0
19:08:22.702000	25	1	0	0
19:08:22.953000	26	0	0	1001
19:08:23.204000	27	0	0	1001
19:08:23.455000	28	0	0	1000
19:08:23.706000	29	6	0	0
19:08:23.956000	30	8	0	0
19:08:24.208000	31	3	0	0
19:08:24.459000	32	3	0	0
19:08:24.710000	33	3	0	0
19:08:24.962000	34	7	0	0
19:08:25.213000	35	10	0	0
19:08:25.464000	36	10	0	0
19:08:25.714000	37	7	0	0
19:08:25.965000	38	1	0	0
19:08:26.215000	39	4	0	0
19:08:26.466000	40	3	0	0
19:08:26.717000	41	5	0	0
19:08:26.968000	42	1	0	0
19:08:27.220000	43	0	0	1001
19:08:27.470000	44	8	0	0
19:08:27.720000	45	8	0	0
19:08:27.972000	46	0	0	1001
19:08:28.224000	47	10	0	0
19:08:28.474000	48	0	0	1000
19:08:28.725000	49	7	0	0
19:08:28.976000	50	10	0	0
19:08:29.227000	51	5	0	0
19:08:29.478000	52	5	0	0
19:08:29.730000	53	6	0	0
19:08:29.981000	54	0	0	1001
19:08:30.232000	55	0	0	1000
19:08:30.483000	56	1	0	0
19:08:30.733000	57	2	0	0
19:08:30.984000	58	2	0	0
19:08:31.235000	59	7	0	0
19:08:31.487000	60	5	0	0
19:08:31.738000	61	1	0	0
19:08:31.989000	62	2	0	0
19:08:32.239000	63	4	0	0
19:08:32.490000	64	0	0	1001
19:08:32.741000	65	9	0	0
19:08:32.992000	66	2	0	0
19:08:33.243000	67	10	0	0
19:08:33.493000	68	4	0	0
19:08:33.745000	69	0	0	1001
19:08:33.996000	70	7	0	0
19:08:34.247000	71	4	0	0
19:08:34.497000	72	0	0	1001
19:08:34.748000	73	0	0	1000
19:08:35.000000	74	0	0	1001
19:08:35.251000	75	8	0	0
19:08:35.502000	76	0	0	1000
19:08:35.753000	77	0	0	1000
19:08:36.003000	78	3	0	0
19:08:36.253000	79	10	0	0
19:08:36.504000	80	6	0	0
19:08:36.755000	81	0	0	1001
19:08:37.006000	82	4	0	0
19:08:37.257000	83	1	0	0
19:08:37.508000	84	1	0	0
19:08:37.759000	85	3	0	0
19:08:38.011000	86	8	0	0
19:08:38.262000	87	9	0	0
19:08:38.514000	88	6	0	0
19:08:38.765000	89	6	0	0
19:08:39.016000	90	3	0	0
19:08:39.268000	91	1	0	0
19:08:39.519000	92	4	0	0
19:08:39.771000	93	1	0	0
19:08:40.022000	94	5	0	0
19:08:40.272000	95	1	0	0
19:08:40.523000	96	0	0	1001
19:08:40.774000	97	10	0	0
19:08:41.025000	98	1	0	0
19:08:41.276000	99	0	0	1001
19:08:41.528000	100	7	0	0
19:08:41.779000	101	6	0	0
19:08:42.031000	102	3	0	0
19:08:42.281000	103	8	0	0
19:08:42.532000	104	4	0	0
19:08:42.783000	105	0	0	1001
19:08:43.034000	106	9	0	0
19:08:43.285000	107	0	0	1000
19:08:43.536000	108	2	0	0
19:08:43.787000	109	4	0	0
19:08:44.038000	110	9	0	0
19:08:44.289000	111	4	0	0
19:08:44.541000	112	1	0	0
19:08:44.792000	113	9	0	0
19:08:45.043000	114	8	0	0
19:08:45.294000	115	0	0	1001
19:08:45.545000	116	6	0	0
19:08:45.796000	117	5	0	0
19:08:46.047000	118	0	0	1001
19:08:46.297000	119	0	0	1001
19:08:46.548000	120	8	0	0
19:08:46.798000	121	0	0	1000
19:08:47.049000	122	1	0	0
19:08:47.300000	123	10	0	0
19:08:47.552000	124	8	0	0
19:08:47.803000	125	4	0	0
19:08:48.054000	126	5	0	0
19:08:48.305000	127	0	0	1001
19:08:48.556000	128	9	0	0
19:08:48.807000	129	7	0	0
19:08:49.058000	130	6	0	0
19:08:49.309000	131	0	0	1001
19:08:49.560000	132	0	0	1001
19:08:49.811000	133	6	0	0
19:08:50.062000	134	0	0	1001
19:08:50.313000	135	4	0	0
19:08:50.564000	136	5	0	0
19:08:50.815000	137	7	0	0
19:08:51.066000	138	0	0	1001
19:08:51.317000	139	10	0	0
19:08:51.567000	140	3	0	0
19:08:51.818000	141	9	0	0
19:08:52.069000	142	3	0	0
19:08:52.320000	143	8	0	0
19:08:52.572000	144	0	0	1000
19:08:52.823000	145	7	0	0
19:08:53.073000	146	0	0	1001
19:08:53.324000	147	7	0	0
19:08:53.575000	148	4	0	0
19:08:53.826000	149	0	0	1000
19:08:54.078000	150	6	0	0
19:08:54.329000	151	0	0	1001
19:08:54.580000	152	8	0	0
19:08:54.831000	153	9	0	0
19:08:55.082000	154	9	0	0
19:08:55.333000	155	6	0	0
19:08:55.583000	156	0	0	1001
19:08:55.834000	157	4	0	0
19:08:56.086000	158	1	0	0
19:08:56.337000	159	6	0	0
19:08:56.589000	160	4	0	0
19:08:56.839000	161	3	0	0
19:08:57.089000	162	2	0	0
19:08:57.340000	163	1	0	0
19:08:57.591000	164	5	0	0
19:08:57.843000	165	10	0	0
19:08:58.094000	166	0	0	1001
19:08:58.346000	167	0	0	1001
19:08:58.597000	168	0	0	1001
19:08:58.848000	169	4	0	0
19:08:59.100000	170	0	0	1000
19:08:59.352000	171	8	0	0
19:08:59.603000	172	3	0	0
19:08:59.855000	173	6	0	0
19:09:00.105000	174	2	0	0
19:09:00.355000	175	1	0	0
19:09:00.607000	176	5	0	0
19:09:00.858000	177	8	0	0
19:09:01.109000	178	7	0	0
19:09:01.359000	179	0	0	1001
19:09:01.610000	180	6	0	0
19:09:01.860000	181	5	0	0
19:09:02.112000	182	1	0	0
19:09:02.363000	183	2	0	0
19:09:02.614000	184	7	0	0
19:09:02.865000	185	2	0	0
19:09:03.116000	186	10	0	0
19:09:03.367000	187	3	0	0
19:09:03.617000	188	6	0	0
19:09:03.868000	189	0	0	1000
19:09:04.120000	190	2	0	0
19:09:04.372000	191	8	0	0
19:09:04.623000	192	0	0	1001
19:09:04.873000	193	5	0	0
19:09:05.124000	194	0	0	1001
19:09:05.375000	195	9	0	0
19:09:05.626000	196	10	0	0
19:09:05.878000	197	6	0	0
19:09:06.129000	198	0	0	1001
19:09:06.380000	199	9	0	0
19:09:06.631000	200	5	0	0
19:09:06.882000	201	3	0	0
19:09:07.132000	202	4	0	0
19:09:07.384000	203	2	0	0
19:09:07.634000	204	8	0	0
19:09:07.885000	205	5	0	0
19:09:08.135000	206	8	0	0
19:09:08.386000	207	10	0	0
19:09:08.637000	208	10	0	0
19:09:08.888000	209	4	0	0
19:09:09.138000	210	5	0	0
19:09:09.388000	211	8	0	0
19:09:09.639000	212	0	0	1000
19:09:09.890000	213	1	0	0
19:09:10.141000	214	0	0	1001
19:09:10.392000	215	0	0	1001
19:09:10.643000	216	0	0	1001
19:09:10.894000	217	5	0	0
19:09:11.145000	218	0	0	1000
19:09:11.396000	219	4	0	0
19:09:11.647000	220	10	0	0
19:09:11.899000	221	3	0	0
19:09:12.150000	222	1	0	0
19:09:12.400000	223	7	0	0
19:09:12.652000	224	0	0	1001
19:09:12.903000	225	2	0	0
19:09:13.155000	226	6	0	0
19:09:13.406000	227	3	0	0
19:09:13.656000	228	1	0	0
19:09:13.907000	229	7	0	0
19:09:14.159000	230	0	0	1001
19:09:14.410000	231	2	0	0
19:09:14.660000	232	1	0	0
19:09:14.911000	233	9	0	0
19:09:15.163000	234	10	0	0
19:09:15.413000	235	2	0	0
19:09:15.665000	236	1	0	0
19:09:15.917000	237	5	0	0
19:09:16.167000	238	9	0	0
19:09:16.418000	239	10	0	0
19:09:16.668000	240	7	0	0
