system time	LC	op	qsize	received from
19:20:11.747000	1	0	0	1000
19:20:12.081000	2	0	0	1001
19:20:12.416000	3	8	0	0
19:20:12.750000	4	7	0	0
19:20:13.084000	5	5	0	0
19:20:13.418000	6	3	0	0
19:20:13.752000	7	1	0	0
19:20:14.087000	8	5	0	0
19:20:14.421000	9	6	0	0
19:20:14.755000	17	0	0	1001
19:20:15.089000	20	0	1	1001
19:20:15.423000	21	0	0	1001
19:20:15.757000	22	9	0	0
19:20:16.091000	23	4	0	0
19:20:16.425000	29	0	0	1001
19:20:16.759000	30	9	0	0
19:20:17.093000	31	10	0	0
19:20:17.428000	35	0	0	1001
19:20:17.762000	37	0	0	1001
19:20:18.096000	38	0	0	1001
19:20:18.430000	39	4	0	0
19:20:18.765000	40	7	0	0
19:20:19.099000	41	1	0	0
19:20:19.433000	42	3	0	0
19:20:19.767000	49	0	0	1001
19:20:20.101000	50	0	0	1001
19:20:20.434000	53	0	0	1001
19:20:20.769000	54	0	0	1001
19:20:21.103000	57	0	0	1001
19:20:21.436000	58	2	0	0
19:20:21.770000	59	3	0	0
19:20:22.104000	60	6	0	0
19:20:22.438000	65	0	0	1001
19:20:22.772000	67	0	0	1001
19:20:23.106000	68	0	0	1001
19:20:23.440000	69	4	0	0
19:20:23.774000	70	4	0	0
19:20:24.108000	71	4	0	0
19:20:24.442000	76	0	1	1001
19:20:24.776000	77	0	0	1001
19:20:25.110000	78	5	0	0
19:20:25.444000	79	6	0	0
19:20:25.778000	80	8	0	0
19:20:26.112000	86	0	1	1001
19:20:26.446000	87	0	0	1001
19:20:26.780000	88	7	0	0
19:20:27.114000	93	0	0	1001
19:20:27.448000	94	9	0	0
19:20:27.781000	95	7	0	0
19:20:28.115000	96	7	0	0
19:20:28.449000	97	4	0	0
19:20:28.783000	98	0	1	1000
19:20:29.117000	103	0	0	1001
19:20:29.450000	104	8	0	0
19:20:29.784000	105	4	0	0
19:20:30.119000	110	0	0	1001
19:20:30.452000	112	0	0	1001
19:20:30.786000	114	0	0	1001
19:20:31.121000	115	10	0	0
19:20:31.454000	116	10	0	0
19:20:31.788000	117	5	0	0
19:20:32.122000	118	2	0	0
19:20:32.457000	119	10	0	0
19:20:32.791000	120	4	0	0
19:20:33.125000	128	0	0	1001
19:20:33.458000	129	6	0	0
19:20:33.792000	132	0	0	1001
19:20:34.126000	133	0	0	1001
19:20:34.461000	134	4	0	0
19:20:34.796000	136	0	0	1000
19:20:35.130000	140	0	0	1001
19:20:35.464000	141	0	0	1001
19:20:35.798000	142	7	0	0
19:20:36.132000	143	8	0	0
19:20:36.466000	148	0	0	1001
19:20:36.800000	150	0	0	1001
19:20:37.134000	151	9	0	0
19:20:37.469000	152	6	0	0
19:20:37.803000	155	0	0	1001
19:20:38.137000	158	0	0	1001
19:20:38.471000	159	0	0	1001
19:20:38.805000	162	0	0	1001
19:20:39.140000	163	10	0	0
19:20:39.474000	164	6	0	0
19:20:39.808000	167	0	0	1001
19:20:40.142000	168	2	0	0
19:20:40.476000	169	2	0	0
19:20:40.810000	170	5	0	0
19:20:41.144000	175	0	1	1001
19:20:41.478000	176	0	0	1001
19:20:41.811000	177	0	0	1000
19:20:42.145000	178	6	0	0
19:20:42.479000	183	0	0	1001
19:20:42.812000	185	0	1	1001
19:20:43.146000	186	0	0	1001
19:20:43.480000	187	5	0	0
19:20:43.814000	188	9	0	0
19:20:44.147000	194	0	0	1001
19:20:44.482000	195	0	0	1001
19:20:44.816000	196	3	0	0
19:20:45.150000	197	4	0	0
19:20:45.484000	198	10	0	0
19:20:45.818000	199	7	0	0
19:20:46.152000	200	1	0	0
19:20:46.486000	208	0	0	1001
19:20:46.821000	209	4	0	0
19:20:47.154000	210	8	0	0
19:20:47.488000	211	3	0	0
19:20:47.823000	212	2	0	0
19:20:48.157000	218	0	0	1001
19:20:48.491000	219	10	0	0
19:20:48.825000	220	6	0	0
19:20:49.160000	221	3	0	0
19:20:49.494000	222	4	0	0
19:20:49.828000	227	0	0	1001
19:20:50.163000	228	8	0	0
19:20:50.497000	229	10	0	0
19:20:50.831000	230	3	0	0
19:20:51.164000	231	1	0	0
19:20:51.498000	232	10	0	0
19:20:51.833000	233	7	0	0
19:20:52.167000	234	3	0	0
19:20:52.501000	244	0	0	1001
19:20:52.835000	245	0	0	1001
19:20:53.169000	246	5	0	0
19:20:53.503000	247	9	0	0
19:20:53.836000	248	2	0	0
19:20:54.170000	254	0	0	1001
19:20:54.504000	255	0	0	1001
19:20:54.838000	256	4	0	0
19:20:55.172000	257	9	0	0
19:20:55.507000	258	4	0	0
19:20:55.840000	259	4	0	0
19:20:56.175000	260	3	0	0
19:20:56.508000	261	7	0	0
19:20:56.842000	262	5	0	0
19:20:57.176000	272	0	0	1001
19:20:57.511000	273	7	0	0
19:20:57.845000	274	0	0	1000
19:20:58.180000	278	0	1	1001
19:20:58.514000	279	0	0	1001
19:20:58.849000	283	0	0	1001
19:20:59.183000	285	0	0	1001
19:20:59.518000	286	0	0	1001
19:20:59.851000	287	6	0	0
19:21:00.184000	288	1	0	0
19:21:00.517000	289	9	0	0
19:21:00.852000	290	1	0	0
19:21:01.185000	291	6	0	0
19:21:01.520000	292	7	0	0
19:21:01.853000	300	0	0	1001
19:21:02.187000	301	10	0	0
19:21:02.522000	302	3	0	0
19:21:02.856000	303	3	0	0
19:21:03.190000	304	10	0	0
19:21:03.524000	311	0	0	1001
19:21:03.859000	312	10	0	0
19:21:04.193000	314	0	0	1001
19:21:04.527000	315	4	0	0
19:21:04.861000	316	7	0	0
19:21:05.195000	317	2	0	0
19:21:05.529000	318	1	0	0
19:21:05.863000	325	0	0	1001
19:21:06.196000	326	3	0	0
19:21:06.530000	327	9	0	0
19:21:06.864000	328	1	0	0
19:21:07.198000	329	5	0	0
19:21:07.533000	334	0	0	1001
19:21:07.867000	335	10	0	0
19:21:08.201000	336	9	0	0
19:21:08.534000	340	0	0	1001
19:21:08.868000	343	0	0	1001
19:21:09.202000	345	0	0	1001
19:21:09.535000	346	0	0	1001
19:21:09.870000	347	10	0	0
19:21:10.204000	350	0	1	1001
19:21:10.539000	351	0	0	1001
19:21:10.873000	352	6	0	0
19:21:11.207000	356	0	0	1001
19:21:11.540000	358	0	1	1001
